1.644626540745524279e+00
9.231201897269758483e-01
1.634913895328169442e+00
6.804577028478854039e+00
4.742334355669127754e-01
1.568262647531781129e+00
-1.405084245484198024e-01
6.671715008610126230e-01
1.212641863082466603e-01
-2.325001710892923845e-01
1.019241727031693578e+00
-3.524510650404533707e-01
2.224226529273865549e-01
-4.295327087060393900e+00
-3.472776681033852841e-01
-2.207325439042203685e-01
-5.338097913211817813e-01
-9.715931701885573979e-01
-5.611800840962887227e-01
-5.468362062121403522e-01
-1.913206024329472954e-01
-8.136072879883564646e-01
2.310460294287949301e-01
-5.556622035928153736e-01
1.144994500583703223e+00
1.677031801550568524e+00
-5.005166880290677911e-01
1.576011487805527578e+00
-8.148046787256509660e+00
6.281775287480754200e-01
1.564802462063829280e-01
2.206956763018076417e-01
1.198905424619325810e+00
1.243849036782829653e+00
-3.980698354052450427e-01
-1.414615317453736365e+00
-5.014567670096015117e-01
3.977404206220995775e-01
8.042806776424051840e-01
-5.053809067855297599e+00
3.695904966017936055e-01
1.285824051436883941e+00
-3.616383351172662297e-01
-1.311383409888042584e+00
8.103484121898874015e-03
-5.713703827430250959e-01
-5.601900369398105539e+00
3.696959351525103132e-01
-5.100424332437264452e-02
-9.343510638337480800e-02
1.685124636767448836e-01
6.503659383247107906e-01
-3.392445914478263713e-01
-3.198720518949874636e-01
2.608562671267921074e-01
-2.245052044108073602e-02
-9.448429086767188290e-01
5.121308446090063748e-01
1.087922169285522545e+00
-1.498729119913147223e-01
-7.124754319086696805e-03
-3.398962444981766806e-01
-3.575100489451263908e-01
4.215820962200046984e-01
-7.331071944695487508e-01
4.748511428011133878e-03
-2.484243811066090823e-01
-7.531685756629102890e-01
1.404518067749455090e+00
-1.928469641345590402e+00
2.573324225130393383e-01
-1.387402156283169541e+00
-2.449751492465029046e-01
-2.736493231454341313e+00
3.444804925775057924e-01
-1.807272956375755246e+00
-2.826111862283703369e-01
2.073014185043241753e+00
3.834356943395342970e-02
-6.751489804749029044e-01
-3.655727707249865066e+00
-4.758513965812627866e+00
3.261131216294506086e-01
-2.584496720766317868e+00
2.333208319998500424e-01
-1.564461523436452950e+00
2.092798349820677917e+00
9.478386064874707584e-01
-3.109695525648941583e+00
9.441578296668189374e-01
-3.838397589840403801e-01
-4.282946951511761746e+00
-5.702909845052881455e-01
5.806928285874438794e-02
-4.465888999259207681e-01
-6.842516175735910977e-01
-4.980511112451578848e-01
-4.441793402836428761e+00
-8.125896981198659219e-01
-9.267386299552841100e-01
-3.265744746343449911e+00
-1.299981296360977812e+00
2.127512201175913997e+00
-2.028114057350837385e+00
3.353802912911319378e+00
1.294941270712730574e+00
